%YAML:1.0
cameraMatrix: !!opencv-matrix
   rows: 3
   cols: 3
   dt: d
   data: [ 6.6507142530976193e+02, 0., 3.2431436250777762e+02, 0.,
       6.7038290936082092e+02, 2.6647404225133135e+02, 0., 0., 1. ]
imageSize_width: 640
imageSize_height: 480
sensorSize_width: 0
sensorSize_height: 0
distCoeffs: !!opencv-matrix
   rows: 5
   cols: 1
   dt: d
   data: [ 1.0448093134744366e-01, -5.3321302929618941e-01,
       8.8273153854810382e-03, 3.5092904139293704e-03,
       5.4793084613464960e-01 ]
reprojectionError: 3.9524763822555542e-01
features:
   - [ 5.40012939e+02, 1.84928329e+02, 5.37410156e+02, 2.18951157e+02,
       5.34642639e+02, 2.53890625e+02, 5.32037598e+02, 2.89697021e+02,
       5.29349304e+02, 3.26549835e+02, 5.26475525e+02, 3.64560760e+02,
       5.23819458e+02, 4.03584534e+02, 5.03199341e+02, 1.84628998e+02,
       5.00080597e+02, 2.17868729e+02, 4.96819275e+02, 2.51851730e+02,
       4.93588501e+02, 2.86934692e+02, 4.90523956e+02, 3.22867767e+02,
       4.87340942e+02, 3.60101746e+02, 4.84258972e+02, 3.98300537e+02,
       4.68048584e+02, 1.84702530e+02, 4.64522034e+02, 2.17033707e+02,
       4.60740540e+02, 2.50285965e+02, 4.57262695e+02, 2.84503174e+02,
       4.53573425e+02, 3.19650055e+02, 4.50075439e+02, 3.55840698e+02,
       4.46446808e+02, 3.93205475e+02, 4.34193573e+02, 1.84436234e+02,
       4.30186493e+02, 2.16322250e+02, 4.26230774e+02, 2.48544815e+02,
       4.22147858e+02, 2.82096832e+02, 4.18065521e+02, 3.16300903e+02,
       4.14191925e+02, 3.51820679e+02, 4.10076630e+02, 3.88212769e+02,
       4.01675385e+02, 1.84274460e+02, 3.97457001e+02, 2.15227448e+02,
       3.93158936e+02, 2.46923737e+02, 3.88655853e+02, 2.79600220e+02,
       3.84312408e+02, 3.13347351e+02, 3.79869751e+02, 3.48049316e+02,
       3.75525208e+02, 3.83673279e+02, 3.70430817e+02, 1.83742188e+02,
       3.65922638e+02, 2.14347000e+02, 3.61200439e+02, 2.45289505e+02,
       3.56419006e+02, 2.77316864e+02, 3.51659393e+02, 3.10335815e+02,
       3.46953827e+02, 3.44350220e+02, 3.42177063e+02, 3.79306488e+02,
       3.40300232e+02, 1.83370941e+02, 3.35476898e+02, 2.13187958e+02,
       3.30248566e+02, 2.43694611e+02, 3.25263367e+02, 2.75171509e+02,
       3.20273834e+02, 3.07475067e+02, 3.15374969e+02, 3.40821533e+02,
       3.10238129e+02, 3.75157349e+02, 3.11290741e+02, 1.83026474e+02,
       3.06050385e+02, 2.12401062e+02, 3.00766693e+02, 2.42324417e+02,
       2.95442749e+02, 2.73232300e+02, 2.90354370e+02, 3.05017273e+02,
       2.85060486e+02, 3.37717072e+02, 2.79637543e+02, 3.71342529e+02,
       2.83253815e+02, 1.82961151e+02, 2.77692719e+02, 2.11557297e+02,
       2.72151794e+02, 2.41004669e+02, 2.66554199e+02, 2.71392487e+02,
       2.61117554e+02, 3.02648224e+02, 2.55697510e+02, 3.34671356e+02,
       2.50180008e+02, 3.67694092e+02, 2.56628265e+02, 1.83160156e+02,
       2.50883865e+02, 2.11287048e+02, 2.45055756e+02, 2.40137970e+02,
       2.39108353e+02, 2.69725922e+02, 2.33379044e+02, 3.00429443e+02,
       2.27762527e+02, 3.31997406e+02, 2.22167007e+02, 3.64244141e+02 ]
   - [ 4.53160431e+02, 1.69697296e+02, 4.59526367e+02, 1.98504028e+02,
       4.66100739e+02, 2.27873764e+02, 4.72568390e+02, 2.58190857e+02,
       4.79136078e+02, 2.89134552e+02, 4.85782715e+02, 3.21025146e+02,
       4.93040192e+02, 3.53384766e+02, 4.24498016e+02, 1.72036179e+02,
       4.30546814e+02, 2.01110809e+02, 4.36865509e+02, 2.30703842e+02,
       4.43211273e+02, 2.61335754e+02, 4.49462860e+02, 2.92546173e+02,
       4.55858154e+02, 3.24763702e+02, 4.62769226e+02, 3.57640717e+02,
       3.95367615e+02, 1.74491989e+02, 4.01365204e+02, 2.03846481e+02,
       4.07295563e+02, 2.33767700e+02, 4.13423065e+02, 2.64555115e+02,
       4.19477661e+02, 2.96133301e+02, 4.25713562e+02, 3.28782776e+02,
       4.32172791e+02, 3.61907440e+02, 3.65660706e+02, 1.76829361e+02,
       3.71335693e+02, 2.06600342e+02, 3.76943817e+02, 2.36750900e+02,
       3.82778595e+02, 2.67984528e+02, 3.88676697e+02, 2.99805481e+02,
       3.94700958e+02, 3.32835571e+02, 4.00755524e+02, 3.66463562e+02,
       3.35622467e+02, 1.79119690e+02, 3.40860291e+02, 2.09270248e+02,
       3.46377716e+02, 2.39750916e+02, 3.51842468e+02, 2.71335175e+02,
       3.57468842e+02, 3.03571747e+02, 3.63072876e+02, 3.36851898e+02,
       3.68931610e+02, 3.71008209e+02, 3.04702454e+02, 1.81336700e+02,
       3.09715485e+02, 2.11803680e+02, 3.14882385e+02, 2.42636536e+02,
       3.20066681e+02, 2.74651276e+02, 3.25386108e+02, 3.07339355e+02,
       3.30712891e+02, 3.41099030e+02, 3.36186035e+02, 3.75712006e+02,
       2.73247650e+02, 1.83596634e+02, 2.77904419e+02, 2.14501434e+02,
       2.82656036e+02, 2.45813828e+02, 2.87591461e+02, 2.78106354e+02,
       2.92491821e+02, 3.11405060e+02, 2.97405457e+02, 3.45576111e+02,
       3.02387634e+02, 3.80752808e+02, 2.40945633e+02, 1.86034439e+02,
       2.45411316e+02, 2.17252670e+02, 2.49848038e+02, 2.49086517e+02,
       2.54310760e+02, 2.82054260e+02, 2.58830048e+02, 3.15688141e+02,
       2.63300201e+02, 3.50419312e+02, 2.68133331e+02, 3.85825592e+02,
       2.07763611e+02, 1.88540680e+02, 2.11708405e+02, 2.20167770e+02,
       2.15869461e+02, 2.52583420e+02, 2.19878983e+02, 2.85926971e+02,
       2.24012009e+02, 3.20214752e+02, 2.28314484e+02, 3.55330597e+02,
       2.32509048e+02, 3.91279602e+02, 1.73796570e+02, 1.91317673e+02,
       1.77553665e+02, 2.23483261e+02, 1.81285583e+02, 2.56271454e+02,
       1.85052063e+02, 2.90268280e+02, 1.88731598e+02, 3.24798523e+02,
       1.92605225e+02, 3.60465668e+02, 1.96400803e+02, 3.96793396e+02 ]
   - [ 4.14233826e+02, 1.72808838e+02, 4.22729095e+02, 1.99371643e+02,
       4.31075073e+02, 2.27044296e+02, 4.39750641e+02, 2.55764572e+02,
       4.49044708e+02, 2.85313416e+02, 4.58992950e+02, 3.15861084e+02,
       4.69497101e+02, 3.47618866e+02, 3.88688782e+02, 1.71565735e+02,
       3.96784149e+02, 1.98737854e+02, 4.05080505e+02, 2.26819366e+02,
       4.13453918e+02, 2.56180267e+02, 4.22509796e+02, 2.86201172e+02,
       4.31849609e+02, 3.17699738e+02, 4.42031891e+02, 3.50259430e+02,
       3.62475281e+02, 1.70344849e+02, 3.70314148e+02, 1.98100632e+02,
       3.78187042e+02, 2.26584518e+02, 3.86464722e+02, 2.56422882e+02,
       3.95181213e+02, 2.87236542e+02, 4.04348022e+02, 3.19452148e+02,
       4.13799286e+02, 3.52769562e+02, 3.35022675e+02, 1.68607864e+02,
       3.42444763e+02, 1.96926483e+02, 3.50188751e+02, 2.26205887e+02,
       3.58278442e+02, 2.56503082e+02, 3.66739716e+02, 2.87967163e+02,
       3.75502167e+02, 3.20944061e+02, 3.84553253e+02, 3.55219635e+02,
       3.06581177e+02, 1.66648651e+02, 3.13695160e+02, 1.95554520e+02,
       3.21338043e+02, 2.25339539e+02, 3.29126312e+02, 2.56382721e+02,
       3.37268036e+02, 2.88582458e+02, 3.45571228e+02, 3.22430542e+02,
       3.54099792e+02, 3.57857452e+02, 2.76711517e+02, 1.64280746e+02,
       2.83628204e+02, 1.93887970e+02, 2.90962799e+02, 2.24190063e+02,
       2.98417847e+02, 2.56041718e+02, 3.06049286e+02, 2.89147919e+02,
       3.13835022e+02, 3.24117340e+02, 3.21856293e+02, 3.60599640e+02,
       2.45452347e+02, 1.61648560e+02, 2.52089966e+02, 1.91961609e+02,
       2.58799957e+02, 2.23031250e+02, 2.65981232e+02, 2.55693619e+02,
       2.72771332e+02, 2.90049225e+02, 2.80147217e+02, 3.26013916e+02,
       2.87452545e+02, 3.63733521e+02, 2.12645493e+02, 1.59088165e+02,
       2.18637726e+02, 1.90077972e+02, 2.25070358e+02, 2.22116119e+02,
       2.31393173e+02, 2.55885849e+02, 2.37728485e+02, 2.91238037e+02,
       2.44241028e+02, 3.28445892e+02, 2.50954041e+02, 3.67387054e+02,
       1.77425125e+02, 1.56468491e+02, 1.82976212e+02, 1.88181900e+02,
       1.88611618e+02, 2.21298477e+02, 1.94340744e+02, 2.56123535e+02,
       2.00023010e+02, 2.92691010e+02, 2.05715744e+02, 3.31225372e+02,
       2.11614761e+02, 3.71541718e+02, 1.40439453e+02, 1.54037277e+02,
       1.45387161e+02, 1.86673492e+02, 1.50340378e+02, 2.20655319e+02,
       1.55213943e+02, 2.56748138e+02, 1.60155457e+02, 2.94533112e+02,
