%YAML:1.0
cameraMatrix: !!opencv-matrix
   rows: 3
   cols: 3
   dt: d
   data: [ 7.3025409004976257e+02, 0., 3.4167367491885813e+02, 0.,
       7.2713898028832318e+02, 2.4256567941303629e+02, 0., 0., 1. ]
imageSize_width: 640
imageSize_height: 480
sensorSize_width: 0
sensorSize_height: 0
distCoeffs: !!opencv-matrix
   rows: 5
   cols: 1
   dt: d
   data: [ -3.1995500722463925e-02, -2.0533577227250091e-01,
       1.9953233467983628e-02, 1.0187101299727610e-02,
       1.8862401454184667e+00 ]
reprojectionError: 3.3959510922431946e-01
features:
   - [ 1.13329697e+02, 3.84351074e+02, 1.20091675e+02, 3.44767609e+02,
       1.26616623e+02, 3.06325470e+02, 1.32885101e+02, 2.68568878e+02,
       1.38974060e+02, 2.31790298e+02, 1.44784546e+02, 1.95725967e+02,
       1.50386932e+02, 1.60478516e+02, 1.48389282e+02, 3.88286194e+02,
       1.54956482e+02, 3.47929077e+02, 1.61159561e+02, 3.08877045e+02,
       1.67279373e+02, 2.70583923e+02, 1.72934586e+02, 2.33431992e+02,
       1.78587082e+02, 1.96689392e+02, 1.83746582e+02, 1.60978409e+02,
       1.84614304e+02, 3.92060852e+02, 1.90675674e+02, 3.51216248e+02,
       1.96668854e+02, 3.11510590e+02, 2.02291901e+02, 2.72666992e+02,
       2.07884491e+02, 2.34885880e+02, 2.13113495e+02, 1.97895401e+02,
       2.18189453e+02, 1.61660873e+02, 2.22325455e+02, 3.96307190e+02,
       2.28064896e+02, 3.54628021e+02, 2.33582687e+02, 3.14487213e+02,
       2.38919159e+02, 2.75072235e+02, 2.44048279e+02, 2.36813828e+02,
       2.48974838e+02, 1.99244965e+02, 2.53664825e+02, 1.62683411e+02,
       2.61071564e+02, 4.00535767e+02, 2.66361298e+02, 3.58443207e+02,
       2.71350739e+02, 3.17488464e+02, 2.76355072e+02, 2.77714447e+02,
       2.80973083e+02, 2.38876892e+02, 2.85707153e+02, 2.00911743e+02,
       2.89967590e+02, 1.63718109e+02, 3.01140991e+02, 4.05141083e+02,
       3.05900452e+02, 3.62319427e+02, 3.10484375e+02, 3.20860565e+02,
       3.14940125e+02, 2.80497955e+02, 3.19213989e+02, 2.41346466e+02,
       3.23487305e+02, 2.02824158e+02, 3.27493683e+02, 1.65328873e+02,
       3.42463989e+02, 4.09853729e+02, 3.46514374e+02, 3.66433624e+02,
       3.50614441e+02, 3.24398743e+02, 3.54565826e+02, 2.83471497e+02,
       3.58568054e+02, 2.43734177e+02, 3.62264130e+02, 2.04847488e+02,
       3.66010742e+02, 1.66850006e+02, 3.84604126e+02, 4.14716278e+02,
       3.88328247e+02, 3.70592224e+02, 3.91720428e+02, 3.28105896e+02,
       3.95352112e+02, 2.86478516e+02, 3.98641052e+02, 2.46311035e+02,
       4.02042725e+02, 2.06777420e+02, 4.05229980e+02, 1.68484146e+02,
       4.28385162e+02, 4.19712311e+02, 4.31446136e+02, 3.75170898e+02,
       4.34361450e+02, 3.31810181e+02, 4.37310638e+02, 2.89781311e+02,
       4.40156738e+02, 2.48818222e+02, 4.43009369e+02, 2.08899155e+02,
       4.45785400e+02, 1.69933670e+02, 4.72963257e+02, 4.25079346e+02,
       4.75360687e+02, 3.79564087e+02, 4.77736450e+02, 3.35889709e+02,
       4.80117981e+02, 2.92970184e+02, 4.82463165e+02, 2.51639969e+02,
       4.84762146e+02, 2.10921524e+02, 4.87126923e+02, 1.71506775e+02 ]
   - [ 9.23847275e+01, 3.43695160e+02, 1.05212601e+02, 3.06005066e+02,
       1.17545319e+02, 2.69315216e+02, 1.29473190e+02, 2.33400589e+02,
       1.41187439e+02, 1.98352692e+02, 1.52426041e+02, 1.63825821e+02,
       1.63368729e+02, 1.30198898e+02, 1.24969864e+02, 3.52539001e+02,
       1.37648331e+02, 3.13914001e+02, 1.49798523e+02, 2.76564697e+02,
       1.61749878e+02, 2.39789032e+02, 1.73130890e+02, 2.04324631e+02,
       1.84380020e+02, 1.69187866e+02, 1.95023636e+02, 1.34879929e+02,
       1.58895126e+02, 3.61470093e+02, 1.71257950e+02, 3.22141663e+02,
       1.83378281e+02, 2.83989410e+02, 1.94785034e+02, 2.46637863e+02,
       2.06251251e+02, 2.10399231e+02, 2.17152115e+02, 1.74741150e+02,
       2.27692657e+02, 1.39832764e+02, 1.94421387e+02, 3.71115540e+02,
       2.06607529e+02, 3.30798279e+02, 2.18307358e+02, 2.92060760e+02,
       2.29701614e+02, 2.53921097e+02, 2.40669739e+02, 2.17058563e+02,
       2.51447418e+02, 1.80642776e+02, 2.61710175e+02, 1.45300446e+02,
       2.31233459e+02, 3.80860229e+02, 2.43007294e+02, 3.39980560e+02,
       2.54340027e+02, 3.00248169e+02, 2.65451782e+02, 2.61574310e+02,
       2.76243317e+02, 2.23878510e+02, 2.86701813e+02, 1.87067947e+02,
       2.96795532e+02, 1.50795456e+02, 2.69452637e+02, 3.91347961e+02,
       2.80862518e+02, 3.49523926e+02, 2.91882233e+02, 3.09154938e+02,
       3.02615326e+02, 2.69679504e+02, 3.13029816e+02, 2.31418198e+02,
       3.23320618e+02, 1.93766968e+02, 3.33194397e+02, 1.57095291e+02,
       3.09206024e+02, 4.02196503e+02, 3.20051849e+02, 3.59545349e+02,
       3.30718018e+02, 3.18324188e+02, 3.41034576e+02, 2.78142731e+02,
       3.51289062e+02, 2.39078049e+02, 3.61161896e+02, 2.00831192e+02,
       3.70838104e+02, 1.63482040e+02, 3.50099304e+02, 4.13410370e+02,
       3.60624573e+02, 3.69818481e+02, 3.70749695e+02, 3.27786255e+02,
       3.80831390e+02, 2.86716125e+02, 3.90578125e+02, 2.46993958e+02,
       4.00285400e+02, 2.07961594e+02, 4.09553864e+02, 1.70015457e+02,
       3.92694275e+02, 4.25105774e+02, 4.02819977e+02, 3.80667480e+02,
       4.12573242e+02, 3.37673676e+02, 4.22281342e+02, 2.95907928e+02,
       4.31584717e+02, 2.55245605e+02, 4.40876190e+02, 2.15547134e+02,
       4.49899628e+02, 1.76694504e+02, 4.36630066e+02, 4.37281586e+02,
       4.46277863e+02, 3.91701294e+02, 4.55541138e+02, 3.48080414e+02,
       4.64789673e+02, 3.05201263e+02, 4.73741974e+02, 2.63880493e+02,
       4.82658691e+02, 2.23235779e+02, 4.91387360e+02, 1.83711075e+02 ]
